10022
24130
27435
10026
10084
10223
11164
11666
11798
11799
11845
12083
12189
12322
12389
12552
12578
12615
12713
12715
1273
12731
12779
12849
12859
12883
12956
13101
13124
13237
13238
64553
13768
15412
15589
15598
15802
15830
16265
16637
16735
16876
17451
17477
17511
17547
17557
17639
17819
18046
18200
18705
19151
19551
64561
64566
64576
20080
20144
20485
20562
20764
20804
20940
21011
21219
21859
22356
22773
22822
23148
23352
23745
23930
23935
24093
24155
24167
24482
24724
24961
24989
25074
25091
25229
25795
64584
27524
27822
28917
29017
2907
29075
29076
29119
29208
29396
30419
30844
31025
31027
31042
31133
31216
31500
32787
33597
33891
34224
34347
35320
35432
35662
35699
36236
36944
37090
37100
37282
37678
38040
38082
38285
38333
38456
38809
38835
38861
38880
39138
39737
39792
40193
41095
41313
42473
42708
43531
44814
44953
45177
45204
4538
45671
45796
4589
45896
45926
4637
4651
4657
46786
4765
4766
4773
4780
4809
49360
50300
50384
50673
52233
52320
55821
56308
57023
57463
57858
58453
59605
60725
6648
7497
7543
7568
7575
7660
8928
9304
9318
9416
9443
9498
9505
9583
10094
4617
10102
58682
58691
10201
64634
18229
24029
10217
55818
10282
13030
51964
10318
22927
10396
18895
10429
11271
16397
16594
17379
18881
26592
26615
2688
27693
27699
27715
28250
52965
7162
10474
12258
12989
15022
18931
2018
20459
20965
2149
22355
22750
24785
25152
25818
26106
26422
30781
32653
64718
64722
64723
64724
64725
64726
64731
64732
33762
33763
33764
36868
36874
36889
36898
36916
36943
36985
36994
37009
37028
37049
37053
37054
37105
37150
37153
37157
37159
37168
37172
37179
37187
37225
37235
37236
37239
37253
37254
37266
37271
37276
37301
37312
37314
37315
37333
37334
37353
37356
37357
37358
37363
37368
37399
37403
37412
37413
37417
37457
37479
37497
37511
37519
37546
37549
37599
37618
37628
37634
37639
37640
37650
37652
37656
37658
37662
37673
37675
37680
42
57731
7342
10481
64734
52465
10796
26554
30023
10834
4270
10881
14840
23456
28303
28329
11014
11058
3597
1103
1136
11537
1200
1241
12874
1290
13002
15399
15557
1680
1764
1836
2119
24753
25369
25542
25577
2611
2686
2852
2854
2860
29049
2914
29606
30740
30827
31595
3209
3223
3225
3252
3255
3267
3292
3303
33920
34863
37011
3741
37468
38930
39326
39356
4004
41847
42861
43256
44356
47264
4739
47463
4761
4788
50606
5089
5394
5413
5459
5552
5564
5568
5583
5588
5713
6327
6461
6661
6663
6667
6730
6774
6805
6834
6866
6894
6908
6939
7713
8218
8220
8262
8304
8359
8365
8400
8455
8468
8473
8529
8551
8560
8657
8732
8763
8764
8781
8866
8926
8954
8966
9002
9009
9050
9116
11664
16814
18747
52376
11096
23520
11404
15290
20115
2152
4134
6360
7843
11172
22011
1120
3320
6830
11242
11259
32717
64826
64827
36881
36917
36976
37062
37366
37384
37432
37533
37590
37593
11260
11468
22652
64828
3300
1239
3917
5400
5580
11385
11835
23033
25899
3361
40065
54931
11423
11432
11427
11888
11670
5645
11486
19554
17579
18592
1916
20388
2153
23911
27750
28513
12129
13692
13773
15348
18734
19117
21396
32098
32678
32881
36052
36493
46195
54929
17676
32743
28145
64835
22386
226
35313
36996
11942
11992
15935
3216
16724
11115
12143
64936
33765
37084
37126
37278
37423
12179
19181
1221
64950
64954
2687
2764
3549
38561
4608
4826
65000
7474
37589
12310
21007
39205
5483
5507
12324
12332
12334
64984
12346
20960
12386
51007
12695
65013
65059
20632
25490
2603
28910
29000
29648
34205
34584
35400
39811
41066
42610
44237
51665
5537
5563
60280
60299
6697
8570
8580
8629
9049
9198
1257
1299
14080
14178
14265
174
1785
19169
19429
22713
2497
251
25973
65066
2828
3257
3356
3491
3561
3786
3790
3816
64652
39386
4230
4436
46198
4635
4725
4775
4837
5511
577
6057
6453
6762
7018
7481
7738
7908
7922
8151
9119
9121
9680
9929
12406
42772
5408
6695
8591
12455
13224
15808
25568
36914
36915
36926
36991
37129
37156
37273
37274
37578
37685
12479
12491
24890
26130
36955
37008
37012
37043
37047
37048
37094
37098
37103
37205
37214
37415
37453
37483
37584
7420
12542
41345
13194
16175
21156
2856
29695
44581
65001
12556
33771
36866
37421
1853
65132
21195
29217
3301
34087
42318
4323
4565
6128
7385
8437
8674
12570
25192
13307
15497
24589
42896
42979
12597
12605
21013
553
12653
65194
12670
39180
12690
24955
42632
48347
6799
8452
1280
12880
15835
15924
15964
17922
18187
18403
2200
24691
24835
2516
286
29340
29571
29614
33786
36873
36891
36909
36925
37148
37313
37451
37677
45899
4844
4913
5539
55410
55644
58587
6407
65286
65287
6660
6739
7473
7552
812
9299
9829
12741
65352
24748
29649
49185
13249
65496
65176
20836
21385
21414
25180
29066
29226
29632
31242
35254
35297
35805
37002
38193
39743
43561
43727
43852
44395
47169
57344
57734
60764
24151
2500
2647
2711
4258
4648
7029
9264
12831
13037
35329
50173
3302
5602
6853
8612
48159
15626
15645
96
21488
28907
43022
12926
49349
14259
18678
27724
27986
28368
3352
36884
36947
44530
5610
6306
6503
6713
7004
8100
8346
12975
8697
16685
22177
25933
221
249
294
318
26769
27720
27781
28124
28168
28169
28173
28201
28202
28226
28343
28625
28666
28669
29761
30583
36280
40633
5
52579
53162
53889
5518
8513
11300
13110
13293
13329
14988
15164
15685
15694
16246
20771
21430
21501
23947
25248
25761
27552
2874
29405
30475
30950
31214
3212
32491
422
3308
33788
34984
36937
37342
38753
40824
48237
4922
49505
53264
5377
55329
559
5603
5617
702
7545
852
855
8767
8953
12998
15576
64993
24951
24990
25358
33965
35054
47273
51406
6772
31463
51551
5391
60330
6768
2195
13156
9186
5992
15419
623
625
16095
645
25273
25447
41666
43061
47777
677
29107
48287
582
37411
64602
4621
15744
8603
64555
65535
7572
13345
13354
7574
3633
13790
13879
14086
28548
46926
14744
52706
52950
37382
37537
15003
16941
7788
36930
37027
17709
18101
20928
24863
37197
4
6517
719
9155
9848
15475
36870
8228
20850
24593
25133
41820
15669
15704
15706
24757
36972
37211
8508
15774
24626
57187
1049
1050
36904
36948
36975
37166
37210
37247
37307
37346
37354
37579
65501
3316
50146
1089
36912
37034
37475
15974
16058
37390
37493
37669
16112
16160
24560
2607
43833
16284
36872
36920
36923
36957
37377
37521
37615
16395
16422
37207
12091
19711
28698
29465
30986
1214
1216
33769
36867
36890
36962
36974
37014
37255
37424
37429
37446
37463
37513
37612
60171
9129
32421
1389
16891
17175
37638
8167
19384
209
21003
21057
22911
23889
2614
26484
29091
29544
30984
30990
30998
30999
33062
3329
33480
33491
35819
36149
36666
36877
36958
37173
37203
37292
37385
37427
37430
37542
37613
37649
37693
38176
38726
38742
40700
42739
42927
43110
43668
44185
44914
46175
47794
50481
5056
50607
51048
53292
53767
55805
6083
6181
6295
6700
6769
680
701
7020
8972
9070
9924
17400
37155
17439
18398
24115
58436
23862
8308
3462
17705
17714
45250
17746
56030
17762
17884
24521
4821
1797
18007
4796
18042
45528
55353
9885
18107
4779
9821
1835
9482
9503
45538
7643
18451
18479
52521
760
8501
27765
28032
28396
18739
1887
9112
2716
61568
18922
19036
19092
23005
2715
27947
7048
52482
2543
23815
32216
5550
1969
32398
37510
41457
60859
3721
2604
33924
60632
2967
48850
7518
20001
12011
37154
8626
36982
37501
37520
8094
6879
2042
24514
22735
36999
21127
21191
28745
30868
39904
45309
47232
51944
55350
56702
60782
20180
20598
37178
37443
44327
20875
20884
30167
4713
5578
15804
20484
25576
30995
31619
33778
33785
37031
37191
37252
37270
37437
45246
24490
3208
6509
6789
21050
3177
21107
47814
21174
21175
36918
39197
39728
21246
21282
21392
37086
24599
37343
21491
36997
37063
37408
37683
30619
567
2259
22150
25747
22351
3436
36939
37073
37246
37371
37594
3437
22690
46746
7303
27810
23523
23655
58941
23838
37455
23899
24489
9549
45147
45735
23962
58389
24186
24287
24475
2609
28683
919
37037
37199
37204
37284
37524
37705
41965
55824
45609
43513
37229
37487
25364
36906
36929
36935
37091
37348
37585
37664
8524
2561
33777
36971
36978
37066
37069
37193
37339
37373
4862
43683
6723
25139
37223
37477
25163
3875
36932
37144
25320
25206
25250
37309
37503
3907
3913
37376
37631
36905
25454
57470
25543
37163
37228
2588
39392
36907
37492
5438
49507
6746
37030
37035
37447
6108
64717
4342
4341
4805
26788
4768
271
7606
27817
27841
27896
27908
6471
7049
31893
2895
35405
41960
37136
28885
34250
5059
36922
36970
36979
36993
37001
37328
37426
34444
4641
4755
47961
58463
9293
9398
5163
5164
37005
37077
37088
37106
37249
37340
37588
37688
29492
21271
37508
29562
36973
37190
37381
37577
15825
37074
37087
37140
37232
37263
37304
37320
37392
29674
37534
29684
29988
30362
3043
36945
36969
36986
37436
30696
21042
29032
30969
31856
5226
5227
5229
33567
33770
33781
37006
37075
37079
37109
37124
37146
37165
37183
37238
37259
37330
37374
37395
37515
37516
37523
37545
37568
37601
37646
37692
56696
30982
30985
5236
36864
33780
36900
30988
37125
37162
37212
37587
37425
37473
37563
30997
37308
37345
37674
57521
31195
37061
44158
44267
6854
31263
50488
31715
31960
16214
39151
3215
39107
33779
8751
22572
48854
4760
9658
42403
41072
48569
12440
33668
35549
35753
36989
37195
37558
376
51910
25695
37434
33651
33657
5882
5883
34947
37026
37119
37262
37264
42235
37177
37181
5884
5885
37120
37362
37419
4558
36977
37052
37514
36998
65100
34104
34501
34723
6004
6005
36908
37057
37133
37139
37164
37287
37294
37422
37449
37509
37550
37616
45898
58552
35074
37280
35091
57136
39228
3776
36678
6204
6205
36952
37298
37619
36887
37192
37540
37605
37317
37491
37147
37267
36911
36902
36936
37318
37448
37460
37565
37567
30983
36941
36928
6206
37418
37456
22354
6207
32860
37045
37213
37454
10803
11157
3067
31713
6208
6211
36919
36953
37160
37180
37302
37316
37630
37653
6968
37182
37532
21391
6212
36959
36961
36965
6213
37386
36992
37279
37444
29918
29975
6214
37137
37275
37402
37670
37672
20294
6215
37113
37237
37013
37018
37702
6217
17148
37642
37244
37338
37499
6218
37122
37609
37610
37076
37200
37528
25429
31810
6219
6225
33772
37142
37143
37185
37364
37496
37569
37592
37629
49549
6226
6227
6228
36865
37149
37184
37305
37489
37556
37101
6229
36968
37474
37110
37036
37378
37261
37127
37209
37341
37416
37420
37433
37466
37555
37623
37690
37265
37482
37624
37627
37123
37306
37442
36980
33791
37219
37010
37654
37233
37248
37488
6230
6232
37564
6233
37044
6235
36954
37004
37058
37170
37194
37222
37269
37296
37347
37398
37400
37405
37445
37452
37472
37506
37591
37637
37643
37660
37682
6236
37566
37336
6237
6238
6240
23058
6241
6242
36883
36951
37007
37116
37484
37667
7154
6247
37033
37251
37281
37322
37603
37645
6249
37529
37337
37512
6251
6252
37469
37586
37695
37571
6256
37216
37647
36934
37020
37547
6272
6273
6274
6275
6276
36963
37326
37089
6277
6278
37604
9700
9737
38794
7470
43076
38264
55330
58470
38248
38731
9874
53698
4847
42109
9560
32017
6533
59900
65105
4466
45820
46064
4610
9790
9901
4771
9325
4750
58943
9822
9891
41629
9919
37622
4808
7597
55934
9889
52324
8522
37504
37671
7964
36879
36880
37323
37461
37582
37620
25537
9484
16416
16547
8329
37438
5734
8877
6539
58668
36988
37141
37208
37665
37406
7407
36882
31932
65329
36903
37196
7132
34306
37078
3328
36990
37003
37250
37562
37583
37258
37462
37548
37541
37303
9730
